   0.0000000e+00   0.0000000e+00   5.0000000e+00   3.7600000e+02
   0.0000000e+00   1.0000000e+00   4.0000000e+00   2.7900000e+02
   0.0000000e+00   2.0000000e+00   3.0000000e+00   2.1100000e+02
   0.0000000e+00   3.0000000e+00   2.0000000e+00   1.5800000e+02
   0.0000000e+00   4.0000000e+00   1.0000000e+00   1.1500000e+02
   0.0000000e+00   5.0000000e+00   0.0000000e+00   7.9000000e+01
   1.0000000e+00   0.0000000e+00   4.0000000e+00   4.2900000e+02
   1.0000000e+00   1.0000000e+00   3.0000000e+00   3.1300000e+02
   1.0000000e+00   2.0000000e+00   2.0000000e+00   2.3500000e+02
   1.0000000e+00   3.0000000e+00   1.0000000e+00   1.7800000e+02
   1.0000000e+00   4.0000000e+00   0.0000000e+00   1.3100000e+02
   2.0000000e+00   0.0000000e+00   3.0000000e+00   4.9600000e+02
   2.0000000e+00   1.0000000e+00   2.0000000e+00   3.5100000e+02
   2.0000000e+00   2.0000000e+00   1.0000000e+00   2.6300000e+02
   2.0000000e+00   3.0000000e+00   0.0000000e+00   1.9800000e+02
   3.0000000e+00   0.0000000e+00   2.0000000e+00   5.9100000e+02
   3.0000000e+00   1.0000000e+00   1.0000000e+00   3.9800000e+02
   3.0000000e+00   2.0000000e+00   0.0000000e+00   2.9300000e+02
   4.0000000e+00   0.0000000e+00   1.0000000e+00   7.5300000e+02
   4.0000000e+00   1.0000000e+00   0.0000000e+00   4.5500000e+02
   5.0000000e+00   0.0000000e+00   0.0000000e+00   1.0230000e+03
   0.0000000e+00   0.0000000e+00   5.0000000e+00   3.7500000e+02
   0.0000000e+00   1.0000000e+00   4.0000000e+00   2.7800000e+02
   0.0000000e+00   2.0000000e+00   3.0000000e+00   2.1000000e+02
   0.0000000e+00   3.0000000e+00   2.0000000e+00   1.5700000e+02
   0.0000000e+00   4.0000000e+00   1.0000000e+00   1.1400000e+02
   0.0000000e+00   5.0000000e+00   0.0000000e+00   7.8000000e+01
   1.0000000e+00   0.0000000e+00   4.0000000e+00   4.2800000e+02
   1.0000000e+00   1.0000000e+00   3.0000000e+00   3.1200000e+02
   1.0000000e+00   2.0000000e+00   2.0000000e+00   2.3400000e+02
   1.0000000e+00   3.0000000e+00   1.0000000e+00   1.7700000e+02
   1.0000000e+00   4.0000000e+00   0.0000000e+00   1.3000000e+02
   2.0000000e+00   0.0000000e+00   3.0000000e+00   4.9500000e+02
   2.0000000e+00   1.0000000e+00   2.0000000e+00   3.5000000e+02
   2.0000000e+00   2.0000000e+00   1.0000000e+00   2.6200000e+02
   2.0000000e+00   3.0000000e+00   0.0000000e+00   1.9700000e+02
   3.0000000e+00   0.0000000e+00   2.0000000e+00   5.9000000e+02
   3.0000000e+00   1.0000000e+00   1.0000000e+00   3.9700000e+02
   3.0000000e+00   2.0000000e+00   0.0000000e+00   2.9200000e+02
   4.0000000e+00   0.0000000e+00   1.0000000e+00   7.5200000e+02
   4.0000000e+00   1.0000000e+00   0.0000000e+00   4.5400000e+02
   5.0000000e+00   0.0000000e+00   0.0000000e+00   1.0220000e+03
   0.0000000e+00   0.0000000e+00   5.0000000e+00   3.7700000e+02
   0.0000000e+00   1.0000000e+00   4.0000000e+00   2.8000000e+02
   0.0000000e+00   2.0000000e+00   3.0000000e+00   2.1200000e+02
   0.0000000e+00   3.0000000e+00   2.0000000e+00   1.5900000e+02
   0.0000000e+00   4.0000000e+00   1.0000000e+00   1.1600000e+02
   0.0000000e+00   5.0000000e+00   0.0000000e+00   8.0000000e+01
   1.0000000e+00   0.0000000e+00   4.0000000e+00   4.3000000e+02
   1.0000000e+00   1.0000000e+00   3.0000000e+00   3.1400000e+02
   1.0000000e+00   2.0000000e+00   2.0000000e+00   2.3600000e+02
   1.0000000e+00   3.0000000e+00   1.0000000e+00   1.7900000e+02
   1.0000000e+00   4.0000000e+00   0.0000000e+00   1.3200000e+02
   2.0000000e+00   0.0000000e+00   3.0000000e+00   4.9700000e+02
   2.0000000e+00   1.0000000e+00   2.0000000e+00   3.5200000e+02
   2.0000000e+00   2.0000000e+00   1.0000000e+00   2.6400000e+02
   2.0000000e+00   3.0000000e+00   0.0000000e+00   1.9900000e+02
   3.0000000e+00   0.0000000e+00   2.0000000e+00   5.9200000e+02
   3.0000000e+00   1.0000000e+00   1.0000000e+00   3.9900000e+02
   3.0000000e+00   2.0000000e+00   0.0000000e+00   2.9400000e+02
   4.0000000e+00   0.0000000e+00   1.0000000e+00   7.5400000e+02
   4.0000000e+00   1.0000000e+00   0.0000000e+00   4.5600000e+02
   5.0000000e+00   0.0000000e+00   0.0000000e+00   1.0240000e+03
   0.0000000e+00   0.0000000e+00   5.0000000e+00   3.7400000e+02
   0.0000000e+00   1.0000000e+00   4.0000000e+00   2.7700000e+02
   0.0000000e+00   2.0000000e+00   3.0000000e+00   2.0900000e+02
   0.0000000e+00   3.0000000e+00   2.0000000e+00   1.5600000e+02
   0.0000000e+00   4.0000000e+00   1.0000000e+00   1.1300000e+02
   0.0000000e+00   5.0000000e+00   0.0000000e+00   7.7000000e+01
   1.0000000e+00   0.0000000e+00   4.0000000e+00   4.2700000e+02
   1.0000000e+00   1.0000000e+00   3.0000000e+00   3.1100000e+02
   1.0000000e+00   2.0000000e+00   2.0000000e+00   2.3300000e+02
   1.0000000e+00   3.0000000e+00   1.0000000e+00   1.7600000e+02
   1.0000000e+00   4.0000000e+00   0.0000000e+00   1.2900000e+02
   2.0000000e+00   0.0000000e+00   3.0000000e+00   4.9400000e+02
   2.0000000e+00   1.0000000e+00   2.0000000e+00   3.4900000e+02
   2.0000000e+00   2.0000000e+00   1.0000000e+00   2.6100000e+02
   2.0000000e+00   3.0000000e+00   0.0000000e+00   1.9600000e+02
   3.0000000e+00   0.0000000e+00   2.0000000e+00   5.8900000e+02
   3.0000000e+00   1.0000000e+00   1.0000000e+00   3.9600000e+02
   3.0000000e+00   2.0000000e+00   0.0000000e+00   2.9100000e+02
   4.0000000e+00   0.0000000e+00   1.0000000e+00   7.5100000e+02
   4.0000000e+00   1.0000000e+00   0.0000000e+00   4.5300000e+02
   5.0000000e+00   0.0000000e+00   0.0000000e+00   1.0210000e+03
   0.0000000e+00   0.0000000e+00   5.0000000e+00   3.7800000e+02
   0.0000000e+00   1.0000000e+00   4.0000000e+00   2.8100000e+02
   0.0000000e+00   2.0000000e+00   3.0000000e+00   2.1300000e+02
   0.0000000e+00   3.0000000e+00   2.0000000e+00   1.6000000e+02
   0.0000000e+00   4.0000000e+00   1.0000000e+00   1.1700000e+02
   0.0000000e+00   5.0000000e+00   0.0000000e+00   8.1000000e+01
   1.0000000e+00   0.0000000e+00   4.0000000e+00   4.3100000e+02
   1.0000000e+00   1.0000000e+00   3.0000000e+00   3.1500000e+02
   1.0000000e+00   2.0000000e+00   2.0000000e+00   2.3700000e+02
   1.0000000e+00   3.0000000e+00   1.0000000e+00   1.8000000e+02
   1.0000000e+00   4.0000000e+00   0.0000000e+00   1.3300000e+02
   2.0000000e+00   0.0000000e+00   3.0000000e+00   4.9800000e+02
   2.0000000e+00   1.0000000e+00   2.0000000e+00   3.5300000e+02
   2.0000000e+00   2.0000000e+00   1.0000000e+00   2.6500000e+02
   2.0000000e+00   3.0000000e+00   0.0000000e+00   2.0000000e+02
   3.0000000e+00   0.0000000e+00   2.0000000e+00   5.9300000e+02
   3.0000000e+00   1.0000000e+00   1.0000000e+00   4.0000000e+02
   3.0000000e+00   2.0000000e+00   0.0000000e+00   2.9500000e+02
   4.0000000e+00   0.0000000e+00   1.0000000e+00   7.5500000e+02
   4.0000000e+00   1.0000000e+00   0.0000000e+00   4.5700000e+02
   5.0000000e+00   0.0000000e+00   0.0000000e+00   1.0250000e+03
   0.0000000e+00   0.0000000e+00   5.0000000e+00   3.7300000e+02
   0.0000000e+00   1.0000000e+00   4.0000000e+00   2.7600000e+02
   0.0000000e+00   2.0000000e+00   3.0000000e+00   2.0800000e+02
   0.0000000e+00   3.0000000e+00   2.0000000e+00   1.5500000e+02
   0.0000000e+00   4.0000000e+00   1.0000000e+00   1.1200000e+02
   0.0000000e+00   5.0000000e+00   0.0000000e+00   7.6000000e+01
   1.0000000e+00   0.0000000e+00   4.0000000e+00   4.2600000e+02
   1.0000000e+00   1.0000000e+00   3.0000000e+00   3.1000000e+02
   1.0000000e+00   2.0000000e+00   2.0000000e+00   2.3200000e+02
   1.0000000e+00   3.0000000e+00   1.0000000e+00   1.7500000e+02
   1.0000000e+00   4.0000000e+00   0.0000000e+00   1.2800000e+02
   2.0000000e+00   0.0000000e+00   3.0000000e+00   4.9300000e+02
   2.0000000e+00   1.0000000e+00   2.0000000e+00   3.4800000e+02
   2.0000000e+00   2.0000000e+00   1.0000000e+00   2.6000000e+02
   2.0000000e+00   3.0000000e+00   0.0000000e+00   1.9500000e+02
   3.0000000e+00   0.0000000e+00   2.0000000e+00   5.8800000e+02
   3.0000000e+00   1.0000000e+00   1.0000000e+00   3.9500000e+02
   3.0000000e+00   2.0000000e+00   0.0000000e+00   2.9000000e+02
   4.0000000e+00   0.0000000e+00   1.0000000e+00   7.5000000e+02
   4.0000000e+00   1.0000000e+00   0.0000000e+00   4.5200000e+02
   5.0000000e+00   0.0000000e+00   0.0000000e+00   1.0200000e+03
   0.0000000e+00   0.0000000e+00   5.0000000e+00   3.7900000e+02
   0.0000000e+00   1.0000000e+00   4.0000000e+00   2.8200000e+02
   0.0000000e+00   2.0000000e+00   3.0000000e+00   2.1400000e+02
   0.0000000e+00   3.0000000e+00   2.0000000e+00   1.6100000e+02
   0.0000000e+00   4.0000000e+00   1.0000000e+00   1.1800000e+02
   0.0000000e+00   5.0000000e+00   0.0000000e+00   8.2000000e+01
   1.0000000e+00   0.0000000e+00   4.0000000e+00   4.3200000e+02
   1.0000000e+00   1.0000000e+00   3.0000000e+00   3.1600000e+02
   1.0000000e+00   2.0000000e+00   2.0000000e+00   2.3800000e+02
   1.0000000e+00   3.0000000e+00   1.0000000e+00   1.8100000e+02
   1.0000000e+00   4.0000000e+00   0.0000000e+00   1.3400000e+02
   2.0000000e+00   0.0000000e+00   3.0000000e+00   4.9900000e+02
   2.0000000e+00   1.0000000e+00   2.0000000e+00   3.5400000e+02
   2.0000000e+00   2.0000000e+00   1.0000000e+00   2.6600000e+02
   2.0000000e+00   3.0000000e+00   0.0000000e+00   2.0100000e+02
   3.0000000e+00   0.0000000e+00   2.0000000e+00   5.9400000e+02
   3.0000000e+00   1.0000000e+00   1.0000000e+00   4.0100000e+02
   3.0000000e+00   2.0000000e+00   0.0000000e+00   2.9600000e+02
   4.0000000e+00   0.0000000e+00   1.0000000e+00   7.5600000e+02
   4.0000000e+00   1.0000000e+00   0.0000000e+00   4.5800000e+02
   5.0000000e+00   0.0000000e+00   0.0000000e+00   1.0260000e+03
   0.0000000e+00   0.0000000e+00   5.0000000e+00   3.7200000e+02
   0.0000000e+00   1.0000000e+00   4.0000000e+00   2.7500000e+02
   0.0000000e+00   2.0000000e+00   3.0000000e+00   2.0700000e+02
   0.0000000e+00   3.0000000e+00   2.0000000e+00   1.5400000e+02
   0.0000000e+00   4.0000000e+00   1.0000000e+00   1.1100000e+02
   0.0000000e+00   5.0000000e+00   0.0000000e+00   7.5000000e+01
   1.0000000e+00   0.0000000e+00   4.0000000e+00   4.2500000e+02
   1.0000000e+00   1.0000000e+00   3.0000000e+00   3.0900000e+02
   1.0000000e+00   2.0000000e+00   2.0000000e+00   2.3100000e+02
   1.0000000e+00   3.0000000e+00   1.0000000e+00   1.7400000e+02
   1.0000000e+00   4.0000000e+00   0.0000000e+00   1.2700000e+02
   2.0000000e+00   0.0000000e+00   3.0000000e+00   4.9200000e+02
   2.0000000e+00   1.0000000e+00   2.0000000e+00   3.4700000e+02
   2.0000000e+00   2.0000000e+00   1.0000000e+00   2.5900000e+02
   2.0000000e+00   3.0000000e+00   0.0000000e+00   1.9400000e+02
   3.0000000e+00   0.0000000e+00   2.0000000e+00   5.8700000e+02
   3.0000000e+00   1.0000000e+00   1.0000000e+00   3.9400000e+02
   3.0000000e+00   2.0000000e+00   0.0000000e+00   2.8900000e+02
   4.0000000e+00   0.0000000e+00   1.0000000e+00   7.4900000e+02
   4.0000000e+00   1.0000000e+00   0.0000000e+00   4.5100000e+02
   5.0000000e+00   0.0000000e+00   0.0000000e+00   1.0190000e+03
   0.0000000e+00   0.0000000e+00   5.0000000e+00   3.8000000e+02
   0.0000000e+00   1.0000000e+00   4.0000000e+00   2.8300000e+02
   0.0000000e+00   2.0000000e+00   3.0000000e+00   2.1500000e+02
   0.0000000e+00   3.0000000e+00   2.0000000e+00   1.6200000e+02
   0.0000000e+00   4.0000000e+00   1.0000000e+00   1.1900000e+02
   0.0000000e+00   5.0000000e+00   0.0000000e+00   8.3000000e+01
   1.0000000e+00   0.0000000e+00   4.0000000e+00   4.3300000e+02
   1.0000000e+00   1.0000000e+00   3.0000000e+00   3.1700000e+02
   1.0000000e+00   2.0000000e+00   2.0000000e+00   2.3900000e+02
   1.0000000e+00   3.0000000e+00   1.0000000e+00   1.8200000e+02
   1.0000000e+00   4.0000000e+00   0.0000000e+00   1.3500000e+02
   2.0000000e+00   0.0000000e+00   3.0000000e+00   5.0000000e+02
   2.0000000e+00   1.0000000e+00   2.0000000e+00   3.5500000e+02
   2.0000000e+00   2.0000000e+00   1.0000000e+00   2.6700000e+02
   2.0000000e+00   3.0000000e+00   0.0000000e+00   2.0200000e+02
   3.0000000e+00   0.0000000e+00   2.0000000e+00   5.9500000e+02
   3.0000000e+00   1.0000000e+00   1.0000000e+00   4.0200000e+02
   3.0000000e+00   2.0000000e+00   0.0000000e+00   2.9700000e+02
   4.0000000e+00   0.0000000e+00   1.0000000e+00   7.5700000e+02
   4.0000000e+00   1.0000000e+00   0.0000000e+00   4.5900000e+02
   5.0000000e+00   0.0000000e+00   0.0000000e+00   1.0270000e+03
   0.0000000e+00   0.0000000e+00   5.0000000e+00   3.7100000e+02
   0.0000000e+00   1.0000000e+00   4.0000000e+00   2.7400000e+02
   0.0000000e+00   2.0000000e+00   3.0000000e+00   2.0600000e+02
   0.0000000e+00   3.0000000e+00   2.0000000e+00   1.5300000e+02
   0.0000000e+00   4.0000000e+00   1.0000000e+00   1.1000000e+02
   0.0000000e+00   5.0000000e+00   0.0000000e+00   7.4000000e+01
   1.0000000e+00   0.0000000e+00   4.0000000e+00   4.2400000e+02
   1.0000000e+00   1.0000000e+00   3.0000000e+00   3.0800000e+02
   1.0000000e+00   2.0000000e+00   2.0000000e+00   2.3000000e+02
   1.0000000e+00   3.0000000e+00   1.0000000e+00   1.7300000e+02
   1.0000000e+00   4.0000000e+00   0.0000000e+00   1.2600000e+02
   2.0000000e+00   0.0000000e+00   3.0000000e+00   4.9100000e+02
   2.0000000e+00   1.0000000e+00   2.0000000e+00   3.4600000e+02
   2.0000000e+00   2.0000000e+00   1.0000000e+00   2.5800000e+02
   2.0000000e+00   3.0000000e+00   0.0000000e+00   1.9300000e+02
   3.0000000e+00   0.0000000e+00   2.0000000e+00   5.8600000e+02
   3.0000000e+00   1.0000000e+00   1.0000000e+00   3.9300000e+02
   3.0000000e+00   2.0000000e+00   0.0000000e+00   2.8800000e+02
   4.0000000e+00   0.0000000e+00   1.0000000e+00   7.4800000e+02
   4.0000000e+00   1.0000000e+00   0.0000000e+00   4.5000000e+02
   5.0000000e+00   0.0000000e+00   0.0000000e+00   1.0180000e+03
   0.0000000e+00   0.0000000e+00   5.0000000e+00   3.8100000e+02
   0.0000000e+00   1.0000000e+00   4.0000000e+00   2.8400000e+02
   0.0000000e+00   2.0000000e+00   3.0000000e+00   2.1600000e+02
   0.0000000e+00   3.0000000e+00   2.0000000e+00   1.6300000e+02
   0.0000000e+00   4.0000000e+00   1.0000000e+00   1.2000000e+02
   0.0000000e+00   5.0000000e+00   0.0000000e+00   8.4000000e+01
   1.0000000e+00   0.0000000e+00   4.0000000e+00   4.3400000e+02
   1.0000000e+00   1.0000000e+00   3.0000000e+00   3.1800000e+02
   1.0000000e+00   2.0000000e+00   2.0000000e+00   2.4000000e+02
   1.0000000e+00   3.0000000e+00   1.0000000e+00   1.8300000e+02
   1.0000000e+00   4.0000000e+00   0.0000000e+00   1.3600000e+02
   2.0000000e+00   0.0000000e+00   3.0000000e+00   5.0100000e+02
   2.0000000e+00   1.0000000e+00   2.0000000e+00   3.5600000e+02
   2.0000000e+00   2.0000000e+00   1.0000000e+00   2.6800000e+02
   2.0000000e+00   3.0000000e+00   0.0000000e+00   2.0300000e+02
   3.0000000e+00   0.0000000e+00   2.0000000e+00   5.9600000e+02
   3.0000000e+00   1.0000000e+00   1.0000000e+00   4.0300000e+02
   3.0000000e+00   2.0000000e+00   0.0000000e+00   2.9800000e+02
   4.0000000e+00   0.0000000e+00   1.0000000e+00   7.5800000e+02
   4.0000000e+00   1.0000000e+00   0.0000000e+00   4.6000000e+02
   5.0000000e+00   0.0000000e+00   0.0000000e+00   1.0280000e+03
   0.0000000e+00   0.0000000e+00   5.0000000e+00   3.7000000e+02
   0.0000000e+00   1.0000000e+00   4.0000000e+00   2.7300000e+02
   0.0000000e+00   2.0000000e+00   3.0000000e+00   2.0500000e+02
   0.0000000e+00   3.0000000e+00   2.0000000e+00   1.5200000e+02
   0.0000000e+00   4.0000000e+00   1.0000000e+00   1.0900000e+02
   0.0000000e+00   5.0000000e+00   0.0000000e+00   7.3000000e+01
   1.0000000e+00   0.0000000e+00   4.0000000e+00   4.2300000e+02
   1.0000000e+00   1.0000000e+00   3.0000000e+00   3.0700000e+02
   1.0000000e+00   2.0000000e+00   2.0000000e+00   2.2900000e+02
   1.0000000e+00   3.0000000e+00   1.0000000e+00   1.7200000e+02
   1.0000000e+00   4.0000000e+00   0.0000000e+00   1.2500000e+02
   2.0000000e+00   0.0000000e+00   3.0000000e+00   4.9000000e+02
   2.0000000e+00   1.0000000e+00   2.0000000e+00   3.4500000e+02
   2.0000000e+00   2.0000000e+00   1.0000000e+00   2.5700000e+02
   2.0000000e+00   3.0000000e+00   0.0000000e+00   1.9200000e+02
   3.0000000e+00   0.0000000e+00   2.0000000e+00   5.8500000e+02
   3.0000000e+00   1.0000000e+00   1.0000000e+00   3.9200000e+02
   3.0000000e+00   2.0000000e+00   0.0000000e+00   2.8700000e+02
   4.0000000e+00   0.0000000e+00   1.0000000e+00   7.4700000e+02
   4.0000000e+00   1.0000000e+00   0.0000000e+00   4.4900000e+02
   5.0000000e+00   0.0000000e+00   0.0000000e+00   1.0170000e+03
   0.0000000e+00   0.0000000e+00   5.0000000e+00   3.8200000e+02
   0.0000000e+00   1.0000000e+00   4.0000000e+00   2.8500000e+02
   0.0000000e+00   2.0000000e+00   3.0000000e+00   2.1700000e+02
   0.0000000e+00   3.0000000e+00   2.0000000e+00   1.6400000e+02
   0.0000000e+00   4.0000000e+00   1.0000000e+00   1.2100000e+02
   0.0000000e+00   5.0000000e+00   0.0000000e+00   8.5000000e+01
   1.0000000e+00   0.0000000e+00   4.0000000e+00   4.3500000e+02
   1.0000000e+00   1.0000000e+00   3.0000000e+00   3.1900000e+02
   1.0000000e+00   2.0000000e+00   2.0000000e+00   2.4100000e+02
   1.0000000e+00   3.0000000e+00   1.0000000e+00   1.8400000e+02
   1.0000000e+00   4.0000000e+00   0.0000000e+00   1.3700000e+02
   2.0000000e+00   0.0000000e+00   3.0000000e+00   5.0200000e+02
   2.0000000e+00   1.0000000e+00   2.0000000e+00   3.5700000e+02
   2.0000000e+00   2.0000000e+00   1.0000000e+00   2.6900000e+02
   2.0000000e+00   3.0000000e+00   0.0000000e+00   2.0400000e+02
   3.0000000e+00   0.0000000e+00   2.0000000e+00   5.9700000e+02
   3.0000000e+00   1.0000000e+00   1.0000000e+00   4.0400000e+02
   3.0000000e+00   2.0000000e+00   0.0000000e+00   2.9900000e+02
   4.0000000e+00   0.0000000e+00   1.0000000e+00   7.5900000e+02
   4.0000000e+00   1.0000000e+00   0.0000000e+00   4.6100000e+02
   5.0000000e+00   0.0000000e+00   0.0000000e+00   1.0290000e+03
